0 0.8625 0.71328125 0.021875 0.02890625
1 0.2015625 0.17734375 0.01875 0.0265625
0 0.4078125 0.22890625 0.01640625 0.02421875
1 0.52578125 0.2078125 0.01796875 0.025
1 0.42734375 0.534375 0.01953125 0.02734375
0 0.68828125 0.22890625 0.01875 0.0265625
0 0.71015625 0.57109375 0.02109375 0.02734375
1 0.08828125 0.6578125 0.02265625 0.03046875
1 0.2046875 0.475 0.0171875 0.02109375
0 0.4765625 0.42421875 0.01796875 0.025
1 0.8296875 0.53359375 0.0203125 0.0265625
1 0.83671875 0.1109375 0.01875 0.02421875
1 0.2390625 0.12890625 0.01875 0.02578125
0 0.35 0.39609375 0.01796875 0.025
1 0.3765625 0.43828125 0.01875 0.02578125
0 0.38671875 0.45859375 0.01875 0.028125
1 0.36796875 0.46171875 0.01953125 0.02734375
0 0.078125 0.81015625 0.02265625 0.0296875
1 0.9015625 0.82265625 0.01484375 0.01640625