0 0.8625 0.7125 0.02265625 0.0296875
1 0.2015625 0.17734375 0.01796875 0.02578125
1 0.20703125 0.471875 0.01171875 0.01875
0 0.68828125 0.22890625 0.01953125 0.02734375
0 0.4078125 0.228125 0.0171875 0.025
0 0.47578125 0.4234375 0.01953125 0.02734375
1 0.42734375 0.53359375 0.01953125 0.028125
1 0.8296875 0.5328125 0.02109375 0.0265625
1 0.23828125 0.1296875 0.01875 0.0265625
1 0.08828125 0.6578125 0.02265625 0.0296875
0 0.71015625 0.57109375 0.02109375 0.02734375
0 0.078125 0.8109375 0.02265625 0.03046875
1 0.3765625 0.43828125 0.01875 0.02578125
1 0.83671875 0.1109375 0.01953125 0.02578125
1 0.52578125 0.2078125 0.01796875 0.02578125
1 0.3671875 0.4609375 0.015625 0.025
0 0.35 0.3953125 0.01875 0.02734375
0 0.38671875 0.459375 0.01953125 0.028125
1 0.9015625 0.82578125 0.0203125 0.025