1 0.20078125 0.17734375 0.01875 0.0265625
0 0.4078125 0.22734375 0.015625 0.02421875
1 0.23828125 0.12890625 0.01953125 0.0265625
1 0.8296875 0.53359375 0.02109375 0.0265625
1 0.2046875 0.471875 0.01640625 0.02421875
0 0.86328125 0.7125 0.0234375 0.03046875
1 0.52578125 0.2078125 0.0171875 0.025
0 0.35 0.39609375 0.01875 0.02578125
1 0.83671875 0.1109375 0.01875 0.02578125
0 0.68828125 0.2296875 0.01640625 0.02265625
1 0.3765625 0.4390625 0.01875 0.02578125
1 0.08828125 0.65625 0.02265625 0.03203125
0 0.4765625 0.42421875 0.01875 0.0265625
0 0.078125 0.81015625 0.0234375 0.0328125
0 0.709375 0.57421875 0.0140625 0.01796875
1 0.36796875 0.45859375 0.01796875 0.0296875
0 0.38671875 0.45859375 0.01875 0.02890625
1 0.9015625 0.8234375 0.01796875 0.02109375
1 0.42734375 0.534375 0.01875 0.02578125