0 0.8625 0.7125 0.02265625 0.0296875
1 0.2015625 0.17734375 0.01875 0.0265625
0 0.40703125 0.22890625 0.01328125 0.02109375
1 0.42734375 0.53359375 0.01953125 0.02890625
1 0.8296875 0.5328125 0.02109375 0.02734375
1 0.08828125 0.65703125 0.02265625 0.03125
1 0.23828125 0.1296875 0.01875 0.0265625
0 0.68828125 0.22734375 0.01953125 0.028125
0 0.4765625 0.42421875 0.01875 0.02578125
0 0.71015625 0.57109375 0.02109375 0.028125
1 0.3765625 0.4375 0.01875 0.0265625
1 0.525 0.2078125 0.0171875 0.02578125
1 0.83671875 0.11015625 0.01953125 0.02578125
0 0.35 0.39453125 0.01953125 0.02734375
1 0.36796875 0.46171875 0.01875 0.02734375
0 0.38671875 0.45859375 0.01953125 0.02890625
0 0.0796875 0.8078125 0.025 0.03515625
1 0.20546875 0.47578125 0.015625 0.01953125
1 0.9015625 0.8265625 0.0203125 0.025