1 0.20078125 0.178125 0.01640625 0.01796875
0 0.4078125 0.22890625 0.0140625 0.021875
1 0.8296875 0.5328125 0.02109375 0.028125
1 0.08828125 0.6578125 0.02109375 0.028125
1 0.23828125 0.1296875 0.01875 0.02578125
0 0.4765625 0.425 0.01875 0.02578125
1 0.2046875 0.4765625 0.015625 0.01953125
0 0.68828125 0.22890625 0.01796875 0.0265625
1 0.525 0.2078125 0.01640625 0.02421875
1 0.42734375 0.53359375 0.01875 0.02734375
0 0.35 0.39609375 0.01875 0.0265625
1 0.3765625 0.43828125 0.01875 0.02578125
1 0.83671875 0.1109375 0.01953125 0.02734375
1 0.3671875 0.4609375 0.01640625 0.025
0 0.71015625 0.57265625 0.015625 0.0203125
1 0.9015625 0.82265625 0.01796875 0.02109375
0 0.07890625 0.809375 0.02109375 0.02890625
0 0.38671875 0.45859375 0.01953125 0.028125
0 0.86328125 0.7125 0.0234375 0.03125