1 0.2015625 0.17734375 0.01875 0.02578125
0 0.40703125 0.22890625 0.01328125 0.02109375
0 0.86328125 0.71171875 0.02421875 0.03125
1 0.8296875 0.5328125 0.021875 0.02890625
0 0.7109375 0.5703125 0.02109375 0.02890625
1 0.42734375 0.5328125 0.01953125 0.0296875
1 0.209375 0.471875 0.0109375 0.01875
0 0.35 0.3953125 0.01953125 0.0265625
0 0.4765625 0.42421875 0.01875 0.0265625
1 0.23828125 0.1296875 0.01875 0.02578125
1 0.3671875 0.46015625 0.0171875 0.0265625
1 0.525 0.2078125 0.01640625 0.025
1 0.9015625 0.825 0.021875 0.02734375
1 0.3765625 0.4375 0.01953125 0.02890625
1 0.08828125 0.65625 0.02265625 0.03203125
0 0.68828125 0.22578125 0.01953125 0.03046875
0 0.078125 0.81015625 0.0234375 0.0328125
1 0.83671875 0.11015625 0.01953125 0.0265625
0 0.38671875 0.4578125 0.01953125 0.0296875