1 0.2015625 0.178125 0.01796875 0.025
0 0.4078125 0.22890625 0.01484375 0.02265625
1 0.8296875 0.53359375 0.02109375 0.02734375
1 0.42734375 0.534375 0.01875 0.02734375
1 0.20546875 0.471875 0.015625 0.02265625
0 0.4765625 0.425 0.01875 0.02578125
1 0.23828125 0.1296875 0.01796875 0.025
0 0.078125 0.8109375 0.0234375 0.0296875
1 0.83671875 0.11015625 0.01953125 0.0265625
1 0.08828125 0.65859375 0.02109375 0.02890625
0 0.68828125 0.23046875 0.01640625 0.021875
1 0.525 0.20859375 0.0171875 0.02421875
0 0.35 0.39609375 0.01875 0.02578125
1 0.3765625 0.4390625 0.01875 0.02578125
0 0.86328125 0.71171875 0.0234375 0.03125
1 0.3671875 0.46015625 0.0171875 0.0265625
0 0.709375 0.5734375 0.0140625 0.01875
0 0.38671875 0.45859375 0.0203125 0.0296875
1 0.90234375 0.821875 0.01640625 0.01796875