1 0.63984375 0.64765625 0.02109375 0.02890625
0 0.65546875 0.7296875 0.02265625 0.03046875
1 0.7375 0.83359375 0.02265625 0.03046875
1 0.22890625 0.54453125 0.02265625 0.0296875
1 0.54375 0.09453125 0.0203125 0.02890625
0 0.896875 0.7609375 0.0234375 0.03046875
0 0.09296875 0.7703125 0.025 0.0328125
1 0.86796875 0.79140625 0.0234375 0.03046875
1 0.09140625 0.353125 0.02265625 0.0296875
0 0.659375 0.87734375 0.02265625 0.0328125
0 0.67890625 0.86875 0.021875 0.03203125
1 0.91875 0.76640625 0.021875 0.0296875
1 0.90625 0.51328125 0.021875 0.02890625
1 0.88828125 0.525 0.0234375 0.02890625
1 0.9265625 0.49140625 0.0140625 0.02734375