1 0.63984375 0.64765625 0.021875 0.0296875
1 0.5296875 0.69140625 0.021875 0.0296875
1 0.63203125 0.4171875 0.02109375 0.028125
1 0.22890625 0.54453125 0.02265625 0.0296875
0 0.65546875 0.72734375 0.02265625 0.03046875
0 0.17890625 0.71640625 0.02421875 0.03125
1 0.54375 0.09375 0.0203125 0.02890625
0 0.09296875 0.7703125 0.025 0.03203125
1 0.6890625 0.784375 0.02265625 0.03046875
0 0.896875 0.7640625 0.0234375 0.03046875
1 0.86796875 0.79140625 0.0234375 0.03046875
0 0.11953125 0.89609375 0.025 0.03359375
1 0.09140625 0.353125 0.02265625 0.0296875
1 0.91015625 0.7359375 0.0234375 0.03046875
1 0.91953125 0.7671875 0.02265625 0.0296875