1 0.63984375 0.64765625 0.021875 0.0296875
1 0.63203125 0.41796875 0.02109375 0.028125
1 0.54765625 0.68984375 0.02109375 0.02890625
0 0.65546875 0.72734375 0.02265625 0.03046875
1 0.22890625 0.54453125 0.021875 0.0296875
1 0.69296875 0.78828125 0.02265625 0.03046875
1 0.54375 0.09453125 0.0203125 0.02890625
0 0.09296875 0.7703125 0.025 0.0328125
0 0.8953125 0.7671875 0.0234375 0.03046875
1 0.86796875 0.79140625 0.0234375 0.0296875
1 0.909375 0.73671875 0.0234375 0.03046875
0 0.10390625 0.884375 0.025 0.03359375
1 0.09140625 0.353125 0.02265625 0.0296875
0 0.190625 0.7015625 0.0234375 0.03046875
1 0.91796875 0.7671875 0.0234375 0.0296875