0 0.1609375 0.084375 0.02265625 0.0296875
1 0.6609375 0.09921875 0.0203125 0.0296875
0 0.66875 0.2546875 0.021875 0.0296875
0 0.73828125 0.0796875 0.021875 0.02890625
1 0.63203125 0.4171875 0.02109375 0.028125
1 0.80546875 0.246875 0.02265625 0.02890625
1 0.4515625 0.38671875 0.0203125 0.028125
0 0.44375 0.35234375 0.0203125 0.028125
1 0.8109375 0.34765625 0.021875 0.02890625
1 0.05625 0.85859375 0.02578125 0.034375
1 0.93125 0.775 0.0234375 0.0296875
1 0.83515625 0.84453125 0.0234375 0.03203125
1 0.79765625 0.84296875 0.0234375 0.03203125
0 0.92578125 0.721875 0.02421875 0.03125
1 0.9171875 0.74765625 0.025 0.03125