0 0.07734375 0.0859375 0.02265625 0.0296875
1 0.73984375 0.6578125 0.02265625 0.03046875
0 0.8859375 0.08203125 0.021875 0.028125
1 0.6609375 0.09921875 0.0203125 0.0296875
1 0.5390625 0.771875 0.021875 0.03125
1 0.3921875 0.5671875 0.021875 0.0296875
1 0.871875 0.6640625 0.0234375 0.03046875
1 0.4515625 0.38671875 0.0203125 0.028125
1 0.584375 0.88203125 0.02265625 0.03359375
1 0.93828125 0.8765625 0.0234375 0.03046875
1 0.05703125 0.90625 0.02578125 0.03359375
0 0.92578125 0.721875 0.0234375 0.03046875
0 0.503125 0.3609375 0.02109375 0.028125
1 0.91640625 0.74765625 0.0234375 0.0296875
0 0.44375 0.35234375 0.0203125 0.02734375