1 0.2296875 0.54375 0.0234375 0.03046875
1 0.63203125 0.4171875 0.02109375 0.028125
1 0.54375 0.09453125 0.02109375 0.02890625
0 0.19609375 0.690625 0.02421875 0.03203125
1 0.60234375 0.12265625 0.0203125 0.0296875
1 0.06328125 0.57734375 0.02421875 0.0296875
0 0.1609375 0.084375 0.02265625 0.0296875
0 0.0640625 0.521875 0.025 0.03125
0 0.0578125 0.78671875 0.025 0.0328125
1 0.05625 0.85703125 0.02578125 0.03359375
1 0.08359375 0.79609375 0.025 0.03203125
1 0.07890625 0.36328125 0.0234375 0.0296875
0 0.09296875 0.765625 0.02578125 0.034375
1 0.090625 0.33984375 0.02421875 0.03125
1 0.071875 0.32578125 0.02421875 0.03125