1 0.23828125 0.1296875 0.01796875 0.02421875
1 0.83671875 0.1109375 0.01875 0.02578125
1 0.20078125 0.178125 0.01796875 0.025
1 0.525 0.20859375 0.0171875 0.025
1 0.08828125 0.65703125 0.02265625 0.02890625
1 0.8296875 0.5328125 0.021875 0.02734375
1 0.9015625 0.82734375 0.0234375 0.02890625
1 0.20390625 0.471875 0.01875 0.02578125
1 0.42734375 0.5328125 0.01875 0.02578125
0 0.07890625 0.809375 0.02421875 0.03125
0 0.6875 0.22890625 0.01875 0.025
0 0.8625 0.7125 0.02265625 0.02890625
1 0.3765625 0.4390625 0.0171875 0.0234375
1 0.3671875 0.46171875 0.01796875 0.025
0 0.40859375 0.22890625 0.01796875 0.025
0 0.71015625 0.5703125 0.02109375 0.02734375
0 0.35 0.39609375 0.01875 0.025
0 0.47578125 0.4234375 0.01875 0.02578125
0 0.38671875 0.45859375 0.01875 0.02578125