0 0.1609375 0.084375 0.02265625 0.0296875
1 0.63203125 0.4171875 0.02109375 0.028125
1 0.66015625 0.11015625 0.02109375 0.0296875
0 0.73828125 0.0796875 0.021875 0.02890625
1 0.7890625 0.20234375 0.021875 0.0296875
1 0.8421875 0.26015625 0.02265625 0.0296875
0 0.97109375 0.47890625 0.02578125 0.03046875
1 0.9 0.8078125 0.02421875 0.03125
1 0.93046875 0.778125 0.0234375 0.0296875
1 0.05625 0.8578125 0.02578125 0.034375
1 0.83828125 0.85859375 0.0234375 0.0328125
0 0.90859375 0.65703125 0.02421875 0.03125
1 0.92421875 0.74765625 0.02421875 0.03125
1 0.9234375 0.46484375 0.0171875 0.02890625
0 0.7375 0.21640625 0.021875 0.0296875