0 0.07109375 0.06015625 0.025 0.02890625
1 0.4578125 0.0703125 0.02265625 0.03125
0 0.92421875 0.69609375 0.02578125 0.03359375
1 0.9140625 0.72109375 0.025 0.03125
1 0.65625 0.05703125 0.02265625 0.03125
0 0.8953125 0.090625 0.02421875 0.03203125
1 0.778125 0.6 0.02421875 0.03203125
1 0.38125 0.53828125 0.021875 0.03046875
1 0.07578125 0.390625 0.02421875 0.03046875
1 0.4609375 0.834375 0.021875 0.03203125
0 0.43203125 0.321875 0.021875 0.03046875
1 0.05546875 0.86484375 0.02734375 0.034375
1 0.50859375 0.14453125 0.021875 0.03203125
0 0.4921875 0.3296875 0.021875 0.0296875
1 0.4390625 0.35625 0.02109375 0.0296875