1 0.63203125 0.4171875 0.02109375 0.028125
1 0.22890625 0.54453125 0.02265625 0.0296875
1 0.53984375 0.69375 0.02109375 0.0296875
0 0.19609375 0.69140625 0.0234375 0.03125
1 0.54375 0.09453125 0.0203125 0.0296875
1 0.60234375 0.12265625 0.0203125 0.0296875
1 0.06796875 0.68125 0.025 0.03125
0 0.1609375 0.084375 0.02265625 0.03046875
1 0.07265625 0.8265625 0.025 0.0328125
1 0.0703125 0.87578125 0.025 0.0328125
0 0.065625 0.6265625 0.025 0.03125
1 0.07890625 0.36328125 0.0234375 0.0296875
0 0.0609375 0.7921875 0.02421875 0.03203125
1 0.08984375 0.33984375 0.0234375 0.03125
0 0.09140625 0.7921875 0.025 0.0328125