1 0.63203125 0.4171875 0.02109375 0.028125
1 0.22890625 0.54453125 0.02265625 0.0296875
1 0.53984375 0.69375 0.021875 0.0296875
0 0.19609375 0.69140625 0.0234375 0.03125
1 0.60234375 0.12265625 0.0203125 0.0296875
1 0.06171875 0.6296875 0.0234375 0.03125
1 0.54375 0.09453125 0.0203125 0.0296875
1 0.0859375 0.85703125 0.025 0.0328125
0 0.1609375 0.08515625 0.02265625 0.0296875
0 0.06328125 0.575 0.02421875 0.03125
0 0.10234375 0.79375 0.025 0.0328125
1 0.07890625 0.36328125 0.0234375 0.0296875
1 0.07890625 0.79375 0.0234375 0.03203125
0 0.05703125 0.7875 0.02421875 0.03203125
1 0.08984375 0.33984375 0.0234375 0.03125