0 0.07109375 0.05703125 0.0234375 0.03125
1 0.29296875 0.05625 0.02109375 0.0296875
0 0.896875 0.059375 0.02265625 0.03046875
1 0.45390625 0.87578125 0.02265625 0.03203125
1 0.05546875 0.86484375 0.025 0.0328125
1 0.9203125 0.865625 0.02421875 0.03359375
1 0.409375 0.3609375 0.02109375 0.02890625
1 0.44765625 0.3296875 0.0203125 0.02734375
1 0.42890625 0.42109375 0.0203125 0.028125
1 0.4375 0.38515625 0.0203125 0.028125
0 0.4796875 0.3921875 0.021875 0.0296875
1 0.440625 0.35625 0.02109375 0.028125
0 0.46484375 0.346875 0.02109375 0.028125
0 0.4546875 0.40078125 0.02109375 0.02890625
1 0.45703125 0.3734375 0.0203125 0.02734375