1 0.91796875 0.5078125 0.0234375 0.028125
1 0.63984375 0.646875 0.02109375 0.02890625
0 0.91015625 0.71328125 0.02421875 0.03046875
1 0.83359375 0.40625 0.02265625 0.028125
1 0.22890625 0.54296875 0.02265625 0.0296875
1 0.7359375 0.83125 0.02265625 0.03125
1 0.90859375 0.39296875 0.0234375 0.0296875
1 0.48125 0.28046875 0.02109375 0.028125
0 0.553125 0.7953125 0.021875 0.03125
0 0.678125 0.7484375 0.02265625 0.03125
0 0.66484375 0.80546875 0.02265625 0.03046875
1 0.14609375 0.1015625 0.021875 0.0296875
1 0.66796875 0.77421875 0.021875 0.0296875
1 0.6578125 0.83359375 0.021875 0.03046875
0 0.16171875 0.1421875 0.021875 0.03046875