0 0.0703125 0.05703125 0.0234375 0.03046875
1 0.65546875 0.05703125 0.02109375 0.0296875
1 0.40546875 0.059375 0.0203125 0.02890625
1 0.778125 0.6 0.0234375 0.0296875
1 0.52734375 0.74140625 0.02109375 0.0296875
1 0.38046875 0.53828125 0.02109375 0.02890625
0 0.8953125 0.09140625 0.02265625 0.03046875
1 0.88203125 0.4375 0.0234375 0.0296875
0 0.92421875 0.6953125 0.02421875 0.03203125
0 0.49296875 0.3296875 0.02109375 0.028125
1 0.571875 0.8515625 0.02109375 0.03046875
1 0.05546875 0.86484375 0.025 0.03203125
1 0.4390625 0.35625 0.0203125 0.028125
0 0.43203125 0.321875 0.0203125 0.02890625
1 0.9140625 0.7203125 0.02421875 0.0296875