1 0.4078125 0.22890625 0.01484375 0.02265625
2 0.2015625 0.17734375 0.01875 0.02578125
1 0.7109375 0.5703125 0.0203125 0.02734375
1 0.86328125 0.7125 0.0234375 0.03046875
2 0.8296875 0.53359375 0.02109375 0.02734375
2 0.20390625 0.47109375 0.0203125 0.02109375
1 0.4765625 0.425 0.01796875 0.025
2 0.42734375 0.534375 0.01953125 0.028125
2 0.08828125 0.65859375 0.021875 0.02890625
1 0.35 0.39609375 0.01875 0.0265625
2 0.23828125 0.1296875 0.01875 0.0265625
1 0.68828125 0.22890625 0.01875 0.0265625
2 0.52578125 0.2078125 0.01640625 0.02421875
2 0.3765625 0.43828125 0.01875 0.0265625
2 0.83671875 0.11015625 0.01953125 0.02734375
2 0.3671875 0.4609375 0.015625 0.025
1 0.078125 0.81015625 0.02265625 0.03046875
2 0.9015625 0.8234375 0.01953125 0.02265625
1 0.38671875 0.45859375 0.01953125 0.028125