1 0.8625 0.7125 0.02265625 0.0296875
2 0.20078125 0.17734375 0.01875 0.0265625
1 0.68828125 0.2296875 0.01875 0.0265625
2 0.2078125 0.471875 0.0109375 0.01875
1 0.40859375 0.22890625 0.01875 0.02734375
1 0.47578125 0.4234375 0.01953125 0.028125
2 0.8296875 0.5328125 0.0203125 0.0265625
2 0.42734375 0.53359375 0.01953125 0.028125
2 0.23828125 0.1296875 0.01875 0.0265625
2 0.08828125 0.6578125 0.02265625 0.0296875
2 0.52578125 0.2078125 0.01796875 0.0265625
2 0.83671875 0.1109375 0.01875 0.025
2 0.3765625 0.43828125 0.01875 0.02578125
1 0.38671875 0.45859375 0.01953125 0.028125
1 0.71015625 0.57265625 0.01484375 0.0203125
2 0.3671875 0.4609375 0.01640625 0.025
1 0.078125 0.8109375 0.021875 0.0296875
1 0.35 0.3953125 0.01953125 0.02734375
2 0.9015625 0.8265625 0.0203125 0.025