2 0.20546875 0.47265625 0.01484375 0.021875
2 0.2015625 0.1765625 0.01875 0.02734375
1 0.7109375 0.5703125 0.01953125 0.0265625
2 0.08828125 0.6578125 0.02265625 0.03046875
1 0.4765625 0.42421875 0.01875 0.0265625
2 0.8296875 0.53359375 0.0203125 0.02734375
2 0.52578125 0.2078125 0.0171875 0.025
2 0.42734375 0.53359375 0.01953125 0.028125
1 0.40859375 0.22734375 0.0171875 0.0265625
2 0.23828125 0.1296875 0.01796875 0.02421875
2 0.83671875 0.1109375 0.01953125 0.02578125
2 0.3765625 0.43828125 0.01953125 0.02734375
1 0.68828125 0.23125 0.015625 0.0203125
2 0.3671875 0.46015625 0.01640625 0.02578125
1 0.35 0.39453125 0.01953125 0.028125
1 0.86328125 0.7125 0.0234375 0.03125
1 0.38671875 0.45859375 0.01953125 0.028125
2 0.903125 0.8234375 0.01875 0.02109375
1 0.07890625 0.809375 0.021875 0.0296875