2 0.1546875 0.4890625 0.0234375 0.03046875
2 0.48125 0.2796875 0.02109375 0.028125
2 0.83359375 0.40625 0.02265625 0.028125
2 0.190625 0.56171875 0.02265625 0.0296875
2 0.63984375 0.64609375 0.02109375 0.02890625
1 0.18515625 0.178125 0.021875 0.03046875
2 0.90859375 0.39296875 0.02265625 0.02890625
2 0.7359375 0.83125 0.02265625 0.03125
2 0.91796875 0.5078125 0.0234375 0.028125
2 0.6625 0.8203125 0.02265625 0.03046875
1 0.69375 0.2828125 0.021875 0.03046875
2 0.6671875 0.77421875 0.021875 0.0296875
1 0.9015625 0.6984375 0.02421875 0.0296875
1 0.678125 0.7484375 0.02265625 0.03125
1 0.553125 0.7953125 0.021875 0.03125