1 0.0765625 0.0859375 0.02265625 0.03046875
2 0.6609375 0.09921875 0.0203125 0.02890625
1 0.8859375 0.0828125 0.02265625 0.02890625
2 0.5390625 0.771875 0.02109375 0.0296875
2 0.78359375 0.6296875 0.0234375 0.0296875
2 0.3921875 0.56640625 0.02109375 0.02890625
2 0.73984375 0.6578125 0.02265625 0.0296875
1 0.503125 0.3609375 0.02109375 0.02890625
2 0.05703125 0.9078125 0.02578125 0.03359375
2 0.58359375 0.88203125 0.021875 0.03125
1 0.44375 0.35234375 0.0203125 0.02734375
1 0.9265625 0.721875 0.0234375 0.03125
2 0.4515625 0.38671875 0.0203125 0.028125
2 0.93828125 0.8765625 0.02421875 0.03125
2 0.91640625 0.746875 0.02421875 0.03046875