2 0.63984375 0.64765625 0.021875 0.0296875
2 0.55234375 0.69609375 0.021875 0.0296875
2 0.63203125 0.4171875 0.02109375 0.028125
1 0.65546875 0.728125 0.02265625 0.03046875
2 0.22890625 0.54453125 0.021875 0.0296875
2 0.54375 0.09453125 0.0203125 0.02890625
2 0.715625 0.7984375 0.02265625 0.03046875
1 0.09296875 0.7703125 0.025 0.03203125
1 0.896875 0.7609375 0.0234375 0.03046875
1 0.14609375 0.75859375 0.02421875 0.03125
2 0.86796875 0.79140625 0.0234375 0.03046875
1 0.15078125 0.86796875 0.025 0.0328125
2 0.91328125 0.7265625 0.02421875 0.03046875
2 0.09140625 0.353125 0.02265625 0.0296875
2 0.91875 0.7671875 0.021875 0.0296875