2 0.29765625 0.146875 0.02109375 0.0296875
2 0.46640625 0.2828125 0.0203125 0.02890625
2 0.70390625 0.30546875 0.02109375 0.028125
2 0.6453125 0.4890625 0.02109375 0.02890625
2 0.73515625 0.34140625 0.021875 0.02890625
2 0.63984375 0.646875 0.02109375 0.02890625
2 0.18828125 0.18359375 0.021875 0.02890625
2 0.7359375 0.83125 0.0234375 0.03125
2 0.66484375 0.775 0.02265625 0.03125
2 0.6625 0.8203125 0.02265625 0.03046875
1 0.22109375 0.17421875 0.021875 0.0296875
1 0.20390625 0.159375 0.021875 0.03046875
1 0.1734375 0.21484375 0.02265625 0.0296875
1 0.1515625 0.21953125 0.02265625 0.0296875
1 0.553125 0.7953125 0.021875 0.03125