1 0.07734375 0.0859375 0.02265625 0.0296875
1 0.8859375 0.08203125 0.0234375 0.0296875
2 0.54609375 0.6046875 0.02109375 0.0296875
2 0.6609375 0.09921875 0.0203125 0.03046875
2 0.4359375 0.67890625 0.021875 0.03046875
2 0.3765625 0.8515625 0.02265625 0.0328125
2 0.4515625 0.38671875 0.0203125 0.028125
2 0.7796875 0.8484375 0.0234375 0.0328125
1 0.44375 0.35234375 0.0203125 0.028125
1 0.209375 0.309375 0.02421875 0.03203125
2 0.575 0.8734375 0.02265625 0.0328125
2 0.05703125 0.90703125 0.02578125 0.03359375
1 0.92578125 0.721875 0.02421875 0.03125
2 0.93828125 0.8765625 0.025 0.03046875
2 0.9171875 0.74765625 0.02421875 0.0296875