1 0.07109375 0.06015625 0.025 0.02890625
2 0.4578125 0.0703125 0.02265625 0.03125
1 0.92421875 0.69609375 0.02578125 0.03359375
2 0.9140625 0.72109375 0.025 0.03125
2 0.65625 0.05703125 0.02265625 0.03125
1 0.8953125 0.090625 0.02421875 0.03203125
2 0.778125 0.6 0.02421875 0.03203125
2 0.38125 0.53828125 0.021875 0.03046875
2 0.528125 0.7421875 0.021875 0.03046875
2 0.56875 0.85234375 0.021875 0.03203125
1 0.43203125 0.321875 0.021875 0.03046875
2 0.05546875 0.86484375 0.02734375 0.034375
2 0.5984375 0.86796875 0.021875 0.03203125
1 0.4921875 0.3296875 0.021875 0.0296875
2 0.4390625 0.35625 0.02109375 0.0296875