1 0.0765625 0.0859375 0.02265625 0.0296875
1 0.8859375 0.08203125 0.0234375 0.0296875
2 0.6609375 0.1 0.0203125 0.03046875
2 0.63203125 0.4171875 0.02109375 0.028125
2 0.80546875 0.246875 0.02265625 0.02890625
1 0.66875 0.2546875 0.021875 0.0296875
1 0.44375 0.35234375 0.0203125 0.028125
2 0.4515625 0.38671875 0.0203125 0.028125
2 0.8109375 0.34765625 0.021875 0.02890625
2 0.7796875 0.8484375 0.0234375 0.0328125
1 0.92578125 0.721875 0.025 0.03125
2 0.5609375 0.89140625 0.02265625 0.0328125
2 0.05703125 0.90703125 0.02578125 0.03359375
2 0.93828125 0.8765625 0.025 0.03046875
2 0.9171875 0.74765625 0.02421875 0.0296875