2 0.78828125 0.62734375 0.02578125 0.03359375
2 0.3921875 0.5671875 0.0234375 0.0328125
2 0.74140625 0.659375 0.025 0.03359375
2 0.53984375 0.77265625 0.02421875 0.03359375
2 0.66328125 0.0984375 0.0234375 0.03125
1 0.07578125 0.084375 0.0234375 0.03125
1 0.88828125 0.08125 0.02421875 0.0296875
2 0.940625 0.87890625 0.025 0.0328125
2 0.58515625 0.884375 0.02578125 0.03671875
2 0.9203125 0.7484375 0.0265625 0.034375
2 0.4515625 0.38671875 0.0234375 0.03125
1 0.9296875 0.725 0.0265625 0.03671875
2 0.05546875 0.91015625 0.0265625 0.03515625
1 0.50390625 0.3609375 0.02421875 0.0328125
1 0.44375 0.3515625 0.0234375 0.0328125