1 0.0703125 0.05703125 0.02265625 0.03046875
2 0.65546875 0.05703125 0.02109375 0.0296875
2 0.471875 0.06015625 0.02109375 0.02890625
2 0.52734375 0.74140625 0.02109375 0.0296875
2 0.778125 0.6 0.0234375 0.0296875
2 0.38046875 0.53828125 0.02109375 0.02890625
1 0.89453125 0.09140625 0.02265625 0.03046875
2 0.86796875 0.5453125 0.0234375 0.0296875
1 0.92421875 0.6953125 0.02421875 0.03125
2 0.571875 0.8515625 0.02109375 0.03046875
1 0.49296875 0.3296875 0.02109375 0.02734375
2 0.05546875 0.86484375 0.025 0.03203125
2 0.4390625 0.35703125 0.0203125 0.028125
1 0.43203125 0.321875 0.0203125 0.02890625
2 0.9140625 0.7203125 0.02421875 0.03046875