2 0.63203125 0.4171875 0.02109375 0.028125
1 0.1609375 0.084375 0.02265625 0.0296875
2 0.8015625 0.2203125 0.021875 0.0296875
2 0.8296875 0.275 0.02265625 0.02890625
1 0.9125 0.65625 0.025 0.03125
2 0.65234375 0.1 0.02109375 0.0296875
2 0.89453125 0.7984375 0.0234375 0.03125
1 0.73046875 0.22265625 0.021875 0.0296875
1 0.73828125 0.0796875 0.021875 0.02890625
2 0.93125 0.77578125 0.0234375 0.0296875
2 0.825 0.88125 0.025 0.0328125
2 0.05625 0.8578125 0.02578125 0.034375
2 0.9171875 0.74375 0.02421875 0.03203125
1 0.99140625 0.49609375 0.01484375 0.0296875
2 0.95390625 0.4921875 0.0109375 0.02734375