2 0.48125 0.28671875 0.0203125 0.028125
1 0.87578125 0.08125 0.02421875 0.02890625
2 0.63984375 0.64609375 0.02109375 0.02890625
2 0.6453125 0.4890625 0.02109375 0.02890625
2 0.7109375 0.37265625 0.02109375 0.028125
2 0.759375 0.27734375 0.02265625 0.02890625
2 0.7359375 0.83125 0.02265625 0.03125
2 0.66484375 0.775 0.02265625 0.03125
1 0.7859375 0.14140625 0.021875 0.0296875
2 0.76484375 0.36640625 0.021875 0.02890625
2 0.78515625 0.3984375 0.021875 0.028125
2 0.6625 0.8203125 0.02265625 0.03125
1 0.8515625 0.24921875 0.02265625 0.0296875
1 0.88046875 0.35078125 0.02265625 0.02890625
1 0.553125 0.7953125 0.021875 0.03125