2 0.63203125 0.4171875 0.02109375 0.028125
2 0.53984375 0.69375 0.021875 0.0296875
2 0.22890625 0.54453125 0.02265625 0.0296875
1 0.19609375 0.69140625 0.0234375 0.03125
1 0.8828125 0.77265625 0.0234375 0.03046875
2 0.60234375 0.12265625 0.0203125 0.0296875
2 0.54375 0.09453125 0.0203125 0.0296875
2 0.9109375 0.7359375 0.0234375 0.03046875
1 0.10078125 0.77265625 0.025 0.03203125
1 0.09453125 0.81328125 0.02578125 0.03203125
2 0.91875 0.7671875 0.02421875 0.03046875
1 0.1609375 0.084375 0.02265625 0.0296875
2 0.86875 0.7921875 0.02421875 0.03046875
2 0.07890625 0.36328125 0.0234375 0.0296875
2 0.08984375 0.33984375 0.0234375 0.03125