1 0.1609375 0.084375 0.02265625 0.0296875
1 0.7390625 0.0796875 0.021875 0.0296875
2 0.6609375 0.1 0.0203125 0.0296875
2 0.4578125 0.36328125 0.02109375 0.028125
1 0.66875 0.25546875 0.021875 0.0296875
2 0.8046875 0.246875 0.02265625 0.02890625
2 0.63203125 0.4171875 0.02109375 0.028125
1 0.525 0.2375 0.02109375 0.02890625
2 0.81015625 0.34765625 0.021875 0.02890625
2 0.05625 0.85859375 0.02578125 0.034375
2 0.93125 0.775 0.0234375 0.0296875
2 0.83515625 0.84453125 0.0234375 0.03203125
2 0.79765625 0.84296875 0.0234375 0.03203125
1 0.92578125 0.721875 0.025 0.03125
2 0.9171875 0.74765625 0.025 0.03125